62.872752908214835
68.42914690822184
70.0
70.0
70.0
70.0
66.88394331348218
66.07743288273888
61.55473483739215
69.59059920232329
58.5171313114725
65.83401084994033
70.0
61.686887784472816
58.18483427026662
62.03299207518487
61.108624157248336
68.27079737126076
59.39619002621694
59.839094899158376
57.693261755827535
61.89835559624763
63.50183600735954
61.40208241370342
64.83248919408277
63.62940549143398
62.922144753447405
54.42139800981381
55.08883310458217
53.11797980002167
60.99456029286591
59.73450669362235
55.47781530320894
54.08347468595045
54.13752518795316
51.71164215515885
57.09262362012678
55.403377057548695
50.817911863588066
50.186997726155774
56.08869852201248
53.4492769687257
50.56288023299672
50.1520812291471
48.86070052365747
50.661855134403
50.08555570001696
48.83727153179933
50.489999542636454
49.77381319382677
49.37236614715018
47.92921065510298
46.834454250534826
48.22253297605292
46.40943857812111
46.14368330939471
46.524947594079705
45.765316074401206
45.52333803263243
45.0
