51.0
22.91545909852104
26.650300607179062
28.510985354658143
30.939442918665375
31.32228019860539
31.26700586643202
61.70993712901974
59.53315605599111
53.99915372280772
51.24885360115095
45.05025588739127
41.97168662190623
39.26235148015715
37.87332711188981
34.74631056041625
33.748662160607445
66.45488967195564
61.66373263219921
57.641756478765465
57.3369237329608
50.62673245056477
46.7497572256053
44.40125115499941
39.92944705893919
38.13986834967879
34.624785133815394
34.18341509728384
31.33565162272783
62.80227221993519
61.34001912299819
54.866415939912166
49.46696517764776
45.596365595745894
42.02827301594269
39.934588900425666
35.04067781612786
32.72801447272869
66.67915129184168
63.30626995675257
60.7772933459426
58.133899318443504
52.780022359044516
48.73433585527158
46.15423552621445
43.708925614088876
40.258968401111275
37.19109608270358
33.61827102537239
66.77807005443617
64.53747140860398
63.24642388907776
59.56693682545905
54.304301610390254
50.22873672463617
47.571762546112986
43.754130387266876
39.13157830844376
37.16370089523975
36.34078942905002
67.62784541242151
63.408158247875335
63.23657320298751
58.34643115221696
51.6737014965549
47.6366717479058
43.7962156791987
41.44443588815429
37.113303592341005
37.279920178264355
