25.0
25.517071564018533
45.141868825785714
23.224862412598053
10.89559628934561
40.107174496420676
32.75004282723517
37.38276275553898
44.733402401476866
36.47262823528786
45.56368747075681
46.27044620855078
45.88640893223215
9.620095113602867
20.749212570404293
6.971686922502565
21.75107494820608
35.76252963708004
36.40202501430385
18.660959225827074
4.0404217335217565
42.204222508795716
13.980268584870576
19.271391185814295
41.01137501485325
28.05188572942845
38.91343905941632
40.76580851492166
10.704731492664354
6.9123870338964055
9.007845537174688
7.083738503809347
3.655447837534667
3.5026212790558593
3.5962450349593693
4.048427124263715
4.840992551069712
40.38860043257463
6.057335825187718
13.779470494610369
6.800949358984723
40.56831072737541
8.757782337410946
36.60858990667486
6.110726079008841
43.00585114035721
7.115975957141302
8.029651001086242
44.18392779814661
42.149815528214475
20.24600395294471
23.229195159447848
31.686006816597974
40.598457247963005
37.52624131824241
37.88968271750471
33.46809659977556
3.8446915221363147
3.8966887038329596
3.979453428141791
4.037387759137124
40.729119906659136
45.09593327701321
46.343221870942926
44.940509258905244
45.31519749790874
44.943888435836655
46.366294862040704
45.187148473967945
45.22928730219349
46.29653603761993
45.06304145583675
41.18598473489533
44.567458529888206
45.889563500219865
44.95884841290777
48.30917766828641
48.292986653045425
48.19600048958842
48.67986156266722
3.412399595899185
3.3605411668479466
48.24827903447753
48.54077184080613
47.92193154436307
47.38158605555368
40.773501328883064
45.10000556283138
47.174799836083615
44.90538795095061
44.103034399835074
40.47833742262953
45.17060639842931
41.14005585096257
39.31135037416311
2.9097565843229116
13.692699537326186
6.885702421386131
12.749613746881682
39.678902486989514
8.375261075717633
10.117970711199847
39.039666757088774
28.901693002041352
35.19415979038334
18.4983513285241
8.52867753691276
8.356768344064083
7.100264616527291
11.275155813011878
18.752738201147725
23.824207727284534
15.80592851464459
18.015551346566124
11.110043602987396
24.911916870486966
24.78118707671999
40.815629880699895
14.87832608929473
16.177479312004394
29.514056541667678
29.156667860293727
13.805148067872022
5.890972333053806
31.059861540042977
13.976675984923709
5.680479493071388
14.81693258164443
28.572045210469987
21.75473970831207
18.30533268891603
30.968723630475818
32.48667339471734
36.37371642007311
23.633417704501355
12.48419773773461
12.983054592804416
34.650752751988094
25.255999828283787
10.14577661780424
6.872586638684163
10.748085829312009
34.501114070931315
30.012049806653213
18.03353614626177
11.542342119759278
39.8561253245653
38.02761467028588
6.969748795369088
