25.0
43.60527811325827
42.22211119811883
43.274219471116396
38.10267554965352
38.77611931875435
19.540742439816047
35.112110767287035
32.85999166961398
35.58140807471574
15.058702257760698
32.045678071602865
29.536737805042574
39.12584027083754
27.204927919011972
32.32176098677768
33.878736494924965
35.10027703420649
34.02999032881595
33.1992377446489
30.41721033495944
35.14117885731539
32.44243042775478
20.366980013800166
36.056007322840046
16.55313179577451
31.249229262094236
22.070277206422947
23.365929538179255
27.717577108875663
22.967101259333973
33.384395535609
22.995491397375233
27.127660155326787
25.16370217244998
21.198739248684902
24.862187947161633
24.467895172316485
26.505226566081696
26.849406457025456
26.924818885406637
23.563466911555036
30.742842962748796
25.46815627663076
39.92666199878123
16.580147781692677
27.3854804066444
33.86341041650032
22.272948267924807
34.39290527739721
12.950581293607277
30.918520242190777
27.252482223780067
30.787121524454562
19.780781107162433
11.23682847236121
19.92231006893681
21.896978083688563
17.51370286079878
23.21252905518977
17.05495473882589
16.467089992288397
29.746938918948835
17.065325289133295
14.097715504953786
17.67479401570225
22.005344241105757
22.970624094438325
29.35111909188598
10.922413571102012
15.584194880120098
25.557154986659796
15.973279848408295
34.282688417704286
11.058572700283145
27.641304211935996
26.61229316509121
27.67333156540625
22.791423925229008
19.183439242565353
17.63371046925086
22.242357208947528
23.750986413656225
33.89674026548867
20.276669389155717
18.02571820427551
22.13010946478364
17.089316918341297
33.595456164865645
13.17440745787451
21.46698905259397
23.100517846595274
24.600846336350227
24.42709649880069
18.50917028542418
30.712853006891237
28.238237738250888
29.168884693642678
31.97346047290913
12.514694618269385
34.7820772311839
22.98034192552776
29.754640789081282
30.911212759271688
21.85778914756082
24.756558361827416
32.26979339393802
16.48509818225363
19.931479293226566
19.288691044531035
31.472502495044672
34.24262075443965
22.05934768817204
13.629205116550969
14.466915429744864
30.532504116447807
27.78300918513453
27.16599935405245
29.407759836530605
12.141056339317652
25.60778290944672
31.895310194781466
33.719925794418444
31.211512316097068
25.04915018323473
27.947113468467226
28.88134990636485
29.849844485715117
22.263023955199422
11.930820899400194
21.623891277567076
31.991105856613107
25.485599890828748
13.315384142679655
14.561929063884218
16.856400378186727
29.75137855019564
23.604101360775072
33.18943462854028
9.577497952202659
30.465352583098714
24.979260084821327
25.962357333483276
33.65978481709671425
