51.0
38.40182562818726
26.97555775771454
76.45686363094316
85.23423167163988
83.27790108856026
72.8011117702622
65.17087344793265
35.57925090153514
45.95072484613405
34.43489177051026
34.72840788434253
16.953901803192288
86.46114893855099
47.27159594826928
62.17861492017499
17.66573839203322
17.642517592626998
31.902210736761017
21.644673944143104
40.83835463344864
22.01059543027605
22.720461339084007
75.31020377112965
86.86215218368133
12.000125291744668
11.706932697107277
82.34247005798414
30.62316263227066
16.93281365658359
84.30160873081502
68.77292594372906
49.08099888272771
38.96699741370959
73.9593166270002
43.61520668689429
82.10693464740908
44.59097473115259
82.60510146225175
50.93840714096125
63.18939532060073
26.825249417135296
30.316464225919
14.205514711066826
36.565553654799764
12.820273946513723
12.595673973191591
11.86144465354585
11.824467808240025
11.898385448399136
54.91593838583176
83.06584595836253
84.10609871991457
85.99393376766486
75.21967923341575
23.68166966454725
78.60792998939667
81.82070554653359
63.510242338311556
82.13476873225652
19.46664229921774
27.090048505708612
22.552410007099564