60.0880553741477
67.26805569038586
66.8175251118182
66.56572139781221
70.0
68.2792930689508
64.53760524008456
70.0
66.53643314099077
60.27065293149788
57.70657049259084
67.05681409561755
59.48333518938048
70.0
68.859089858452
64.54650713533711
69.74249087046056
57.10102729217723
62.1180677215986
56.69789905758064
55.78929162630415
58.77695498192605
55.80400978594819
63.979980227850845
63.76990026023391
59.3981940547305
57.30099886667158
62.92826871302332
61.14889578627925
54.01925002064334
56.58428521185057
61.398956835401556
53.63537998437874
54.35987598309889
54.55698354091068
57.15370058353464
54.636292648890816
56.462298457399065
53.92104927183729
56.85936678396144
52.93402978048412
50.53111750750372
56.216002443828
55.043984486704055
51.233662443344876
49.232425471224424
49.35849209493485
51.533283924261525
52.83864668092059
50.345213327946844
48.09853042830491
49.73281472885041
50.636760175768714
49.91745618601666
47.99719605435644
48.92168117922907
47.66741251574627
46.28932048754429
46.72635647325337
46.22411855681372
45.774246411144055
45.534114751326044
45.0
