58.61466374752084
54.36599751930159
47.188458577306676
52.5495371458858
61.13202177443988
46.14526018431034
51.850777785475174
66.45975531344263
49.22787082423357
51.82162194239916
52.608925215647616
60.30187403375378
59.64467642378726
43.68498848667136
54.106776422416964
47.90902207408188
39.21229291578644
46.93727697904516
46.54915331815202
42.406323742847555
65.95393755628308
41.835389797666686
48.52951692083154
37.560880583868624
51.97230766812526
34.204284370585526
38.99809563575353
50.854623857239105
46.84375341178671
54.870204687285174
48.61800946834242
59.639449854688365
57.49467960590676
54.04141672335502
66.08533066096419
48.69201485601401
58.93054427233396
55.251713893592566
60.351257698346835
77.59004969249226
71.3543743762117
71.91301774861748
75.69132150520038
71.01545060522777
74.55409082804842
71.51890754913602
72.14898991874236
70.98280439290893
78.00178773816533
78.9477523734049
78.21175366255204
79.29785093085333
81.88293271154228
81.46176100549029
81.59887429065846
90.14035453769758
82.27334976635831
81.33333486325088
80.81416078643366
81.29162813008381
81.48234127609848