51.0
64.94725935527649
52.653736884577356
61.09169908928258
57.562584773476736
45.68339971301997
48.36128832877246
54.18395892140498
57.754509890747954
52.43077931934881
58.347478323026436
47.875372547130006
45.056431886482805
54.663000489953816
47.93467916183806
54.098186517166255
43.48557615292361
49.36934696721264
44.35438685312476
46.3905047808407
49.9882582438641
61.678856561572665
60.16396848530293
53.41302109305239
65.40671234178134
52.3517450280006
53.81408838251469
49.74265363250362
44.42139022872137
64.9513366074896
52.278221934852155
64.36317968280883
54.76418522490762
70.83600877680557
66.37931129031261
52.117996656760816
55.65314064014661
56.27223376172047
54.93698940605108
52.55133959323992
57.30601513744441
89.86241979574544
39.018509534128945
43.48644350022882
58.90917340242912
55.28589474728057
41.89869391673181
50.04872184521613
48.45582067582145
56.03056725702942
49.630906014999496
49.10833127789027
50.93071171615519
54.791734917573294
40.674479731651154
50.21776425056767
48.849778435477425
49.49422232905121
56.714856539265995
58.055106234078984
57.308422213051124
57.55111653241312
56.99553291489015
55.73980753207693
59.09736198678838
47.217097197532816
60.207038330840966
53.43262277717648
63.05621080106157
46.0059813569376
49.16819486034751
53.47219588711507
43.068959070228985
58.97748648452212
43.414353986599764
44.25940589892941
47.09742296712398
42.283265577423194
48.36247591705976
49.60910003652897
50.22085461190497
