57.2751439908338
53.7283944990276
62.346980702147455
56.403634404254106
53.921851703891925
49.9739314064796
45.30453603092601
43.52648224822249
40.79897610389884
64.45677293503226
59.79201277867353
56.215366050697796
54.62855183166035
48.65325676202492
45.01827673076542
40.616562874071654
38.394391567128366
50.45257997731635
47.24345042497039
42.45432065918246
54.316247638177
47.651992973941866
44.603829480410646
41.22496080629181
39.29831395317825
50.19365877097147
45.031507478248336
43.35754678353905
38.95095906225008
46.506861978620826
44.09896070940927
40.11849503391672
37.159895469102736
45.651224540767785
42.66652595796579
51.95412427811627
47.94191091742061
44.14906307582259
39.549706577376654
36.60501295890995
46.22658145859481
43.16438961341681
50.48298475657199
45.868698402970885
42.21403839998022
54.137130331623766
50.06459812872385
44.190834670465165
41.85543736531017
38.58292173216867
34.29893034232508
38.53176904117217
38.188616673559245
33.52571002190231
42.12740768591866
38.80305123017772
37.37773895539119
34.62132372714083
38.34373359925003
35.939938936482406
34.70158352023948
31.117714940700445
51.98926801813747