25.0
25.0
24.558016591334834
23.67676619702051
23.413724128472317
23.67676619702051
22.74163823495667
21.890246826027784
22.228413161069284
22.500793494148596
22.724760728760174
21.15309724256912
21.43885009152547
21.68566075734389
20.159307342291164
20.44510607608275
20.126186459528807
20.381608472102794
18.926008150061516
18.660283167318102
18.933166811136914
18.639808014570356
18.3517803791738
35.46904944142104
35.156415519053915
34.85950717258387
33.67667662540354
32.435920372299954
32.213687773064805
32.003505441177985
30.71001256099541
29.971148034733126
29.237532973071605
29.118466658432133
26.511203341945976
26.469467001492024
25.787961139201514
25.767257864827453
24.456092380768325
23.82505570141189
23.212212207829047
23.25443394944228
22.027754315872244
21.471933613186263
21.547872792089215
21.620660053920147
19.879180882521663
19.978859084285205
19.492645701258382
19.02424836912141
18.573217511492956
18.139055892987372
18.253430359718596
17.309553296975697
16.434466264294777
16.560138312960966
16.201975824141453
15.857284603005159
33.021970422482724
32.90935625332313
32.79960569523649
32.69262094379514
31.523914945624476
30.297341004299987
29.62931745016751
28.95564548415017
27.647679322607942
27.60944193304196
26.931839022488713
26.904505897729347
24.925279918417644
24.926317682395556
24.92732701508478
22.976726392047294
23.003419356859865
22.388559723500606
22.42188057859252
21.197208439592913
20.030752436248253
20.088977506266986
19.55720684170874
19.618610869807977
18.540525093759292
17.532645535880427
17.608341272673723
16.664648204729062
34.783263220242375
34.697730615725
34.16071885603323
33.11569638048948
33.04099333134538
32.967536976941325
31.845770825030073
31.22911903741135
30.59956996095651
29.357108378728753
29.31436858590837
29.87598467398329
27.979013482630883
27.311255464283064
26.642162804885732
25.31852740807901
24.658822012815268
25.318777362755608
23.351217599214202
23.366662653017574
22.734697330769933
22.115394292210947
22.141290493158248
20.306070645586978
20.34597870284293
19.7887629837504
19.248867202868862
18.726619860815347
18.775756504301018
17.210100506758707
17.26665190990162
16.815216282009253
16.380939603913593
15.963429465813705
16.023207425710005
15.173246387534967
15.23449381479794
15.29507914005817
14.097549308645121
13.770533683305796
30.987408429824626
29.773319780683593
29.130333137584287
28.478603971242872
28.452878180410906
27.15205823505153
26.486493515541433
25.82078030422718
25.157184956457396
24.497931342146945
24.50159367259603
23.196127262886428
22.562265599152102
22.579409773973634
21.32758325971407
20.734029604583988
20.762467026928395
19.59083850786406
18.48433059302115
18.524179668018796
18.015337324811405
17.524330270144997
16.552333504233474
35.153563028621434
34.66741994297175
34.61824289218761
33.63859646739964
33.09921299297867
33.055458447495255
32.49776140264579
31.373059080847455
30.768805461572946
30.150829442016335
30.120819117478337
28.249226153061137
28.229716939529453
27.572972976056416
26.911452465611568
25.590531292232782
24.928093135468487
24.928523709688637
24.2702621899633
23.618331192375607
22.97475547957689
22.98647267845171
22.35282438142343
20.49034275989904
20.5149062162942
19.937228984543758
19.96410800764554
18.828762606801966
18.3023209426336
18.335505268757547
16.79199431311151
34.93964336210774
34.898085176996325
34.856827578037375
34.368328370674085
32.875849496314416
32.840044797746074
32.80453774592814
32.76932499377527
31.10911130251114
30.504013175294155
30.47742364112626
29.858293534223147
27.974791626233163
27.959809637653215
27.944976083041844
27.288195290798317
25.313018215066474
25.31143771954995
25.309873102359344
23.990060729955385
23.339934489714206
22.69845213734969
22.70963354952315
21.44550753623272
20.840306186959918
20.249920594278407
20.271538224420528
19.69625222208733
18.57127106316535
18.048270006277644
18.077207638324786
17.05330759482413
35.16765738780263
34.696688662101145
34.66189588553448
33.699102772761535
33.66649469711549
33.141059942525956
32.59809383615884
31.490197296723576
30.8985736180638
31.440447398724125
30.847738112939314
29.029642069557603
28.387420966372463
27.736786827322664
27.724965238678955
26.415619236095388
26.409469833686234
25.086496400076342
25.086121964111225
23.11377109592372
23.121791387523732
23.12974407587233
22.489783170415844
21.860513640761994
21.24356648599555
20.035160815211118
20.054620170236547
19.482218451572045
18.926507093305865
18.388047510150578
17.33954123276072
17.366330939090584
16.881096682459685
15.936345601190121
33.68605124768988
33.65754795725063
33.13569893490172
33.108510218117964
31.489276318815467
31.466271497257566
31.443420223407507
30.85372287410776
29.03816088333258
29.023051425539403
29.00805222344634
27.730846839479533
27.074896668073634
26.414376206898087
26.408985464839702
25.086056223435744
23.7669545637236
23.77160662854815
23.1219290731246
23.128924494011997
21.847845554393803
21.229386754845258
21.24288801456594
20.032188444827902
18.882130156756855
18.90248175394026
18.36201821525359
18.383543963561387
17.332190665682674
16.845068460335757
16.869640975662335
15.922323215545703
15.045096401589364
15.516061966969815
15.09743589127317
14.695339347923403
13.912521240003667
13.1915424783331
30.104060091405927
29.484651150811768
28.22465363950572
28.21375931515106
26.91587914681697
26.255081751938253
25.592227727564925
24.929598015760483
24.269469013768774
24.27195034216756
22.963307490821954
22.970113708911864
22.3303182153341
20.458677316183707
19.87119785645188
19.88713995552506
19.902986656488665
18.757910868712262
18.219909024282273
17.699543096915644
16.69148186519065
34.869116893269855
34.844572649645514
34.37175983609415
34.34794721747612
32.86769795670568
32.84630907371009
32.825026665246746
32.28057102697215
31.160538088502538
30.567421843672232
29.959743011881695
37.04281492322042
36.286891797817
36.26220237914606
35.84691454834462
35.82262701934763
34.52119252985126
34.498239041928805
33.533752388807066
33.51222858063707
32.47490470549906
32.455249681680485
31.899923654462768
31.32789774130471
30.15335131127565
30.138843452138573
30.124414214392388
29.507545486425773
27.611033434864623
26.955777911848678
19.284797110442376
18.728444670596527
41.017170247451624
40.995907025599344
40.578257940146
40.556602020893976
40.103343784180915
39.85158857258406
39.82941671313379
39.56642329083463
39.03044670453559
38.73399279474377
38.42502769731843
37.79096817768895
37.76821327427803
37.74552110732709
37.05269427708362
36.300079989063164
36.27782885394515
35.45934525699488
35.437700308400125
34.54969620112171
34.52895965442862
34.50830200743687
33.54675424460339
32.513806714991894
32.49598975255733
32.478250786842096
31.925483472591274
30.200806739805437
30.187583358708764
30.174424669086847
29.559868711381654
