51.0
48.441105812858076
45.926164701392544
45.926164701392544
40.583771023187474
40.9296416996619
78.27204621420793
74.8406775056986
64.88164418067018
66.04401314068002
55.31886400604745
51.855179512828684
47.07877438097244
41.39368781856166
40.583771023187474
34.87897256388847
74.92389077715588
70.94458583123938
69.23862689296067
66.35289055306701
61.8766154624777
55.39467954892416
50.33064470263666
45.5141596860648
44.16512522883618
37.325948080451084
35.30226617923758
73.35795125505267
70.23725594100193
67.680096659047
62.1968063422812
57.40345644795164
52.34690617557279
50.64777210205961
45.737519295976334
42.75195124146456
38.64276409115155
33.99960392722534
71.75667372801232
69.4968584364568
65.77537721897835
64.20863267378625
58.15370731079818
56.41111177369715
49.670334528712964
44.7860283100509
40.35857331376276
35.30226617923758
32.25884459793912
31.536921546828633
27.584566859418775
27.13205182258123
26.050727292461236
24.52538458074978
22.774603748979374
44.87184296846968
40.39797308296367
37.793571936840515
34.297166251288836
30.443579582976945
28.167007292623804
26.93258729344847
25.83297687682554
23.301980329306254
23.022205922872345
