51.0
48.441105812858076
73.85407526334645
67.48740542744157
63.69219111793726
55.242981594137454
50.26692572792074
47.38545771174902
42.02145746766778
40.144173104573
37.21097148890341
34.70716899608192
72.36775634173729
68.53723673219116
65.37059643619038
59.1938405949082
50.8993583570702
47.68945371703609
44.71916303842332
40.583771023187474
41.036203381090345
34.99356394346144
32.32182297657924
70.10214544815014
66.29146086608435
64.57243454238017
58.47586811239779
50.14482048717132
46.9011131413942
45.4320539423236
41.03390839029997
35.9793270531449
34.02579224938046
30.409553802120662
69.32111236124463
66.73124438039666
63.876529410451575
57.748564405278685
52.70869309027651
46.05022987122587
41.509518269316
38.86740506832402
35.283556068590784
32.27504374160663
29.76874669736068
67.56303016801431
64.85999925674058
61.8982561391849
53.887326691526326
50.486785445221976
45.538327555048575
42.49931328623432
38.33364620351911
33.64989933554216
30.853752814111964
28.52800453763446
68.18807545953655
65.60212309341597
56.715202334440534
53.33258950433499
46.60656278397735
45.05201006122808
39.12340480907163
36.630738151721516
73.69491488433081
69.94154496662739
69.7395916367411
66.18263394145623
